8.5459940652819  0.09800909421841297
8.724035608308604  1.072920851483241
8.768545994065281  1.9614462846190281
8.991097922848663  6.296897696878946
9.213649851632045  11.511591535475203
9.480712166172108  16.532579179715558
9.747774480712167  19.812680285420512
10.103857566765576  22.35347146978893
10.771513353115726  25.732403296010894
11.439169139465875  28.454337054236202
12.10682492581602  30.223819364115993
12.685459940652816  29.03234366274807
13.264094955489611  26.788450772616656
14.777448071216615  21.472258616555173
15.890207715133531  18.281369794495657
16.02373887240356  19.031629854478727
16.735905044510382  17.21106957657755
18.96142433234421  12.729269855329932
20.65281899109792  10.203134800649245
22.70029673590504  7.546216443429117
23.189910979228483  6.824347533073093
23.590504451038573  6.048663001275304
25.148367952522253  3.3086486785560734
26.127596439169135  2.2579368447309736
27.240356083086052  1.5102168144631536
28.575667655786344  0.950968078078091
29.910979228486642  0.6360532115336279
