8.6875              0.2427921092564418
8.738392857142857   0.7283763277693396
8.7625              0.9711684370257814
8.786607142857143   1.2139605462822374
8.810714285714285   1.5781487101669
8.8375              2.427921092564489
8.861607142857142   3.5204855842184912
8.888392857142858   5.220030349013641
8.915178571428571   8.01213960546282
8.939285714285715   11.16843702579665
8.966071428571428   15.902883156297406
8.990178571428572   23.186646433990887
9.014285714285714   29.377845220030338
9.038392857142856   32.41274658573596
9.065178571428572   32.77693474962062
9.091964285714285   29.74203338391503
9.116071428571429   25.978755690440067
9.14017857142857    22.94385432473443
9.166964285714286   20.2731411229135
9.241964285714285   16.63125948406676
9.370535714285715   13.596358118361152
9.496428571428572   13.596358118361152
9.576785714285714   13.232169954476461
9.633035714285715   13.717754172989373
9.694642857142858   14.567526555386948
9.839285714285714   19.180576631259484
9.994642857142857   30.47040971168437
10.050892857142857  36.297420333839156
10.101785714285715  41.0318664643399
10.20625            54.02124430955993
10.313392857142858  66.40364188163885
10.366964285714285  79.63581183611532
10.476785714285715  86.79817905918058
10.583928571428572  83.52048558421852
10.69375            65.06828528072839
10.800892857142857  46.00910470409712
11.439169139465875      28.454337054236202
12.10682492581602       30.223819364115993
12.685459940652816      29.03234366274807
13.264094955489611      26.788450772616656
14.777448071216615      21.472258616555173
15.890207715133531      18.281369794495657
16.02373887240356       19.031629854478727
16.735905044510382      17.21106957657755
18.96142433234421       12.729269855329932
20.65281899109792       10.203134800649245
22.70029673590504       7.546216443429117
23.189910979228483      6.824347533073093
23.590504451038573      6.048663001275304
25.148367952522253      3.3086486785560734
26.127596439169135      2.2579368447309736
27.240356083086052      1.5102168144631536
28.575667655786344      0.950968078078091
29.910979228486642      0.6360532115336279
