0 0 0 67 1 6
0 0 0 65 2 1
0 0 0 63 1 10
0 0 0 61 2 10
0 0 0 59 1 5
0 0 0 57 2 6
0 0 0 54 1 11
0 0 0 52 2 11
0 0 0 50 1 4
0 0 0 48 2 5
0 0 0 46 1 3
0 0 0 43 2 4
0 0 0 41 1 12
0 0 0 39 2 12
0 0 0 37 1 2
0 0 0 35 2 3
0 0 0 33 1 13
0 0 0 31 2 13
0 0 0 29 1 1
0 0 0 27 2 2
0 0 0 25 1 9
0 0 0 23 2 7
0 0 0 20 1 14
0 0 0 18 2 14
0 0 0 16 1 8
0 0 0 14 2 9
0 0 0 12 1 7
0 0 0 9 2 8
0 0 0 7 1 15
0 0 0 5 2 15
0 0 0 3 1 16
0 0 0 1 2 16
0 0 0 66 4 6
0 0 0 64 3 1
0 0 0 62 4 10
0 0 0 60 3 10
0 0 0 58 4 5
0 0 0 55 3 6
0 0 0 53 4 11
0 0 0 51 3 11
0 0 0 49 4 4
0 0 0 47 3 5
0 0 0 44 4 3
0 0 0 42 3 4
0 0 0 40 4 12
0 0 0 38 3 12
0 0 0 36 4 2
0 0 0 34 3 3
0 0 0 32 4 13
0 0 0 30 3 13
0 0 0 28 4 1
0 0 0 26 3 2
0 0 0 24 4 9
0 0 0 21 3 7
0 0 0 19 4 14
0 0 0 17 3 14
0 0 0 15 4 8
0 0 0 13 3 9
0 0 0 10 4 7
0 0 0 8 3 8
0 0 0 6 4 15
0 0 0 4 3 15
0 0 0 2 4 16
0 0 0 0 3 16
0 0 1 67 2 17
0 0 1 65 1 17
0 0 1 63 2 18
0 0 1 61 1 18
0 0 1 59 2 25
0 0 1 57 1 26
0 0 1 54 2 24
0 0 1 52 1 25
0 0 1 50 2 19
0 0 1 48 1 19
0 0 1 46 2 26
0 0 1 43 1 24
0 0 1 41 2 31
0 0 1 39 1 32
0 0 1 37 2 20
0 0 1 35 1 20
0 0 1 33 2 30
0 0 1 31 1 31
0 0 1 29 2 21
0 0 1 27 1 21
0 0 1 25 2 29
0 0 1 23 1 30
0 0 1 20 2 28
0 0 1 18 1 29
0 0 1 16 2 22
0 0 1 14 1 22
0 0 1 12 2 27
0 0 1 9 1 28
0 0 1 7 2 23
0 0 1 5 1 23
0 0 1 3 2 32
0 0 1 1 1 27
0 0 1 66 3 17
0 0 1 64 4 17
0 0 1 62 3 18
0 0 1 60 4 18
0 0 1 58 3 25
0 0 1 55 4 26
0 0 1 53 3 24
0 0 1 51 4 25
0 0 1 49 3 19
0 0 1 47 4 19
0 0 1 44 3 26
0 0 1 42 4 24
0 0 1 40 3 31
0 0 1 38 4 32
0 0 1 36 3 20
0 0 1 34 4 20
0 0 1 32 3 30
0 0 1 30 4 31
0 0 1 28 3 21
0 0 1 26 4 21
0 0 1 24 3 29
0 0 1 21 4 30
0 0 1 19 3 28
0 0 1 17 4 29
0 0 1 15 3 22
0 0 1 13 4 22
0 0 1 10 3 27
0 0 1 8 4 28
0 0 1 6 3 23
0 0 1 4 4 23
0 0 1 2 3 32
0 0 1 0 4 27
0 0 2 67 1 38
0 0 2 65 2 33
0 0 2 63 1 42
0 0 2 61 2 42
0 0 2 59 1 37
0 0 2 57 2 38
0 0 2 54 1 43
0 0 2 52 2 43
0 0 2 50 1 36
0 0 2 48 2 37
0 0 2 46 1 35
0 0 2 43 2 36
0 0 2 41 1 44
0 0 2 39 2 44
0 0 2 37 1 34
0 0 2 35 2 35
0 0 2 33 1 45
0 0 2 31 2 45
0 0 2 29 1 33
0 0 2 27 2 34
0 0 2 25 1 41
0 0 2 23 2 39
0 0 2 20 1 46
0 0 2 18 2 46
0 0 2 16 1 40
0 0 2 14 2 41
0 0 2 12 1 39
0 0 2 9 2 40
0 0 2 7 1 47
0 0 2 5 2 47
0 0 2 3 1 48
0 0 2 1 2 48
0 0 2 66 4 38
0 0 2 64 3 33
0 0 2 62 4 42
0 0 2 60 3 42
0 0 2 58 4 37
0 0 2 55 3 38
0 0 2 53 4 43
0 0 2 51 3 43
0 0 2 49 4 36
0 0 2 47 3 37
0 0 2 44 4 35
0 0 2 42 3 36
0 0 2 40 4 44
0 0 2 38 3 44
0 0 2 36 4 34
0 0 2 34 3 35
0 0 2 32 4 45
0 0 2 30 3 45
0 0 2 28 4 33
0 0 2 26 3 34
0 0 2 24 4 41
0 0 2 21 3 39
0 0 2 19 4 46
0 0 2 17 3 46
0 0 2 15 4 40
0 0 2 13 3 41
0 0 2 10 4 39
0 0 2 8 3 40
0 0 2 6 4 47
0 0 2 4 3 47
0 0 2 2 4 48
0 0 2 0 3 48
0 0 3 67 2 49
0 0 3 65 1 49
0 0 3 63 2 50
0 0 3 61 1 50
0 0 3 59 2 57
0 0 3 57 1 58
0 0 3 54 2 56
0 0 3 52 1 57
0 0 3 50 2 51
0 0 3 48 1 51
0 0 3 46 2 58
0 0 3 43 1 56
0 0 3 41 2 63
0 0 3 39 1 64
0 0 3 37 2 52
0 0 3 35 1 52
0 0 3 33 2 62
0 0 3 31 1 63
0 0 3 29 2 53
0 0 3 27 1 53
0 0 3 25 2 61
0 0 3 23 1 62
0 0 3 20 2 60
0 0 3 18 1 61
0 0 3 16 2 54
0 0 3 14 1 54
0 0 3 12 2 59
0 0 3 9 1 60
0 0 3 7 2 55
0 0 3 5 1 55
0 0 3 3 2 64
0 0 3 1 1 59
0 0 3 66 3 49
0 0 3 64 4 49
0 0 3 62 3 50
0 0 3 60 4 50
0 0 3 58 3 57
0 0 3 55 4 58
0 0 3 53 3 56
0 0 3 51 4 57
0 0 3 49 3 51
0 0 3 47 4 51
0 0 3 44 3 58
0 0 3 42 4 56
0 0 3 40 3 63
0 0 3 38 4 64
0 0 3 36 3 52
0 0 3 34 4 52
0 0 3 32 3 62
0 0 3 30 4 63
0 0 3 28 3 53
0 0 3 26 4 53
0 0 3 24 3 61
0 0 3 21 4 62
0 0 3 19 3 60
0 0 3 17 4 61
0 0 3 15 3 54
0 0 3 13 4 54
0 0 3 10 3 59
0 0 3 8 4 60
0 0 3 6 3 55
0 0 3 4 4 55
0 0 3 2 3 64
0 0 3 0 4 59
